
20.000000	84.000000	0
20.299999	84.000000	0
20.600000	84.000000	0
20.900000	84.000000	0
21.200001	84.000000	0
21.400000	84.000000	0
21.799999	84.000000	0
22.000000	84.000000	0
22.400000	84.000000	0
22.700001	84.000000	0
23.000000	84.000000	0
23.299999	84.000008	0
23.600000	84.000000	0
24.000000	84.000000	0
24.299999	83.999992	0
24.700001	84.000000	0
25.000000	84.000000	0
25.400000	84.000000	0
25.799999	84.000000	0
26.200001	84.000000	0
26.500000	84.000000	0
26.900000	84.000000	0
27.200001	84.000000	0
27.600000	84.000000	0
28.000000	84.000000	0
28.500000	84.000000	0
29.000000	84.000000	0
29.500000	84.000000	0
30.000000	84.000000	0
30.400000	84.000000	0
30.700001	84.000000	0
31.100000	84.000000	0
31.500000	84.000000	0
32.000000	84.000000	0
32.500000	84.000000	0
33.000000	84.000000	0
33.500000	84.000000	0
34.000000	84.000000	0
34.500000	84.000000	0
35.000000	84.000000	0
35.500000	84.000000	0
36.000000	84.000000	0
36.500000	84.000000	0
37.000000	84.000000	0
37.500000	84.000000	0
38.200001	84.000000	0
38.700001	84.000000	0
39.500000	84.000000	0
40.000000	84.000000	0
40.599998	84.000000	0
41.200001	84.000000	0
41.799999	84.000000	0
42.500000	84.000000	0
43.099998	84.000000	0
43.700001	84.000000	0
44.400002	84.000000	0
45.000000	84.000000	0
45.500000	84.000000	0
46.200001	84.000000	0
46.799999	84.000000	0
47.500000	84.000000	0
48.200001	84.000000	0
48.700001	84.000000	0
49.400002	84.000000	0
50.000000	84.000000	0
50.799999	84.000000	0
51.500000	84.000000	0
52.200001	84.000000	0
53.000000	84.000000	0
53.799999	84.000000	0
54.500000	84.000000	0
55.200001	84.000000	0
56.000000	84.000000	0
57.000000	84.000000	0
58.000000	84.000000	0
59.000000	84.000000	0
60.000000	84.000000	0
60.799999	84.000000	0
61.500000	84.000000	0
62.200001	84.000000	0
63.000000	83.999992	0
64.000000	84.000000	0
65.000000	84.000000	0
66.000000	84.000000	0
67.000000	84.000000	0
68.000000	84.000000	0
69.000000	84.000000	0
70.000000	84.000000	0
71.000000	84.000000	0
72.000000	84.000000	0
73.000000	84.000000	0
74.000000	84.000000	0
75.000000	84.000000	0
76.199997	84.000000	0
77.500000	84.000000	0
78.800003	84.000000	0
80.000000	84.000000	0
81.199997	84.000000	0
82.500000	84.000000	0
83.800003	84.000000	0
85.000000	84.000000	0
86.199997	84.000000	0
87.500000	84.000000	0
88.500000	84.000000	0
90.000000	84.000000	0
91.199997	84.000000	0
92.500000	84.000000	0
93.800003	84.000000	0
95.000000	84.000000	0
96.199997	84.000000	0
97.500000	84.000000	0
98.800003	84.000000	0
100.000000	84.000000	0
101.500000	84.000000	0
103.000000	84.000000	0
104.400002	84.000000	0
106.000000	83.999992	0
107.500000	84.000000	0
109.000000	84.000000	0
110.599998	84.000000	0
112.000000	84.000000	0
113.800003	84.000000	0
115.000000	84.000000	0
117.199997	84.000000	0
118.000000	84.000000	0
120.599998	84.000000	0
122.000000	84.000000	0
124.099998	84.000000	0
125.000000	84.000000	0
126.500000	84.000000	0
128.000000	84.000000	0
131.500000	84.000000	0
132.000000	84.000000	0
134.000000	84.000000	0
136.000000	84.000000	0
138.000000	84.000000	0
140.000000	84.000000	0
143.000000	84.000000	0
145.000000	84.000000	0
147.500000	84.000000	0
150.000000	84.000000	0
152.500000	84.000000	0
155.000000	84.000000	0
157.500000	84.000000	0
160.000000	84.000000	0
162.500000	84.000000	0
165.000000	84.000000	0
167.500000	84.000000	0
170.000000	84.000000	0
172.500000	84.000000	0
175.000000	84.000000	0
177.500000	84.000000	0
180.000000	84.000000	0
182.500000	84.000000	0
185.000000	84.000000	0
187.500000	83.999992	0
190.000000	84.000000	0
192.500000	84.000000	0
195.000000	84.000000	0
197.500000	84.000000	0
200.000000	84.000000	0
203.000000	84.000000	0
206.000000	84.000000	0
209.000000	84.000000	0
212.000000	84.000000	0
214.000000	84.000000	0
218.000000	84.000000	0
220.000000	84.000000	0
224.000000	84.000000	0
227.000000	84.000000	0
230.000000	84.000000	0
233.000000	84.000000	0
236.000000	84.000000	0
240.000000	84.000000	0
243.000000	84.000000	0
247.000000	84.000000	0
250.000000	84.000000	0
254.000000	84.000000	0
258.000000	84.000000	0
262.000000	84.000000	0
265.000000	84.000000	0
269.000000	83.999992	0
272.000000	84.000000	0
276.000000	84.000000	0
280.000000	84.000000	0
285.000000	84.000000	0
290.000000	84.000000	0
295.000000	84.000000	0
300.000000	84.000000	0
304.000000	83.999992	0
307.000000	84.000000	0
311.000000	84.000000	0
315.000000	84.000000	0
320.000000	84.000000	0
325.000000	84.000000	0
330.000000	84.000000	0
335.000000	84.000000	0
340.000000	84.000000	0
345.000000	84.000000	0
350.000000	84.000000	0
355.000000	84.000000	0
360.000000	84.000000	0
365.000000	84.000000	0
370.000000	84.000000	0
375.000000	84.000000	0
382.000000	84.000000	0
387.000000	84.000000	0
395.000000	84.000000	0
400.000000	84.000000	0
406.000000	84.000000	0
412.000000	84.000000	0
418.000000	84.000000	0
425.000000	84.000000	0
431.000000	84.000000	0
437.000000	84.000000	0
444.000000	84.000000	0
450.000000	84.001450	0
455.000000	84.019348	0
462.000000	84.034782	0
468.000000	84.056625	0
475.000000	84.077042	0
482.000000	84.097954	0
487.000000	84.116692	0
494.000000	84.142960	0
500.000000	84.160019	0
508.000000	84.181503	0
515.000000	84.209244	0
522.000000	84.236916	0
530.000000	84.256508	0
538.000000	84.287109	0
545.000000	84.313515	0
552.000000	84.334419	0
560.000000	84.357376	0
570.000000	84.387115	0
580.000000	84.408112	0
590.000000	84.433182	0
600.000000	84.458145	0
608.000000	84.482841	0
615.000000	84.505920	0
622.000000	84.529251	0
630.000000	84.546982	0
640.000000	84.573151	0
650.000000	84.596855	0
660.000000	84.617744	0
670.000000	84.639465	0
680.000000	84.653320	0
690.000000	84.676697	0
700.000000	84.693031	0
710.000000	84.707321	0
720.000000	84.721413	0
730.000000	84.734711	0
740.000000	84.757805	0
750.000000	84.770103	0
762.000000	84.777969	0
775.000000	84.795319	0
788.000000	84.809776	0
800.000000	84.816811	0
812.000000	84.830086	0
825.000000	84.837845	0
838.000000	84.843796	0
850.000000	84.850586	0
862.000000	84.860229	0
875.000000	84.866745	0
885.000000	84.878754	0
900.000000	84.890137	0
912.000000	84.898804	0
925.000000	84.910133	0
938.000000	84.916771	0
950.000000	84.929733	0
962.000000	84.945229	0
975.000000	84.966743	0
988.000000	84.979485	0
1000.000000	85.002892	0
1015.000000	85.032974	0
1030.000000	85.062469	0
1044.000000	85.089622	0
1060.000000	85.120506	0
1075.000000	85.162590	0
1090.000000	85.204414	0
1106.000000	85.247780	0
1120.000000	85.291100	0
1138.000000	85.357681	0
1150.000000	85.408516	0
1172.000000	85.485199	0
1180.000000	85.518974	0
1206.000000	85.629372	0
1220.000000	85.696877	0
1241.000000	85.782318	0
1250.000000	85.824127	0
1265.000000	85.896530	0
1280.000000	85.967644	0
1315.000000	86.146606	0
1320.000000	86.173676	0
1340.000000	86.279602	0
1360.000000	86.385086	0
1380.000000	86.497238	0
1400.000000	86.597450	0
1430.000000	86.756721	0
1450.000000	86.854584	0
1475.000000	86.974380	0
1500.000000	87.101692	0
1525.000000	87.245178	0
1550.000000	87.387566	0
1575.000000	87.533012	0
1600.000000	87.667732	0
1625.000000	87.824509	0
1650.000000	87.982674	0
1675.000000	88.139137	0
1700.000000	88.292221	0
1725.000000	88.454857	0
1750.000000	88.623405	0
1775.000000	88.787758	0
1800.000000	88.946381	0
1825.000000	89.112862	0
1850.000000	89.287155	0
1875.000000	89.449341	0
1900.000000	89.608353	0
1925.000000	89.776001	0
1950.000000	89.945435	0
1975.000000	90.106041	0
2000.000000	90.266930	0
2030.000000	90.423820	0
2060.000000	90.586815	0
2090.000000	90.736176	0
2120.000000	90.886757	0
2140.000000	90.987289	0
2180.000000	91.177460	0
2200.000000	91.268661	0
2240.000000	91.460892	0
2270.000000	91.588577	0
2300.000000	91.715546	0
2330.000000	91.846764	0
2360.000000	91.966911	0
2400.000000	92.099716	0
2430.000000	92.191025	0
2470.000000	92.312019	0
2500.000000	92.407372	0
2540.000000	92.510345	0
2580.000000	92.608185	0
2620.000000	92.707298	0
2650.000000	92.776016	0
2690.000000	92.859901	0
2720.000000	92.922676	0
2760.000000	92.999191	0
2800.000000	93.072006	0
2850.000000	93.142159	0
2900.000000	93.204971	0
2950.000000	93.256248	0
3000.000000	93.316772	0
3040.000000	93.365669	0
3070.000000	93.396828	0
3110.000000	93.445763	0
3150.000000	93.485352	0
3200.000000	93.511391	0
3250.000000	93.536095	0
3300.000000	93.561821	0
3350.000000	93.576950	0
3400.000000	93.580444	0
3450.000000	93.574051	0
3500.000000	93.570091	0
3550.000000	93.567169	0
3600.000000	93.534180	0
3650.000000	93.505028	0
3700.000000	93.470764	0
3750.000000	93.439720	0
3820.000000	93.366104	0
3870.000000	93.313576	0
3950.000000	93.242462	0
4000.000000	93.187569	0
4060.000000	93.101852	0
4120.000000	93.017853	0
4180.000000	92.936325	0
4250.000000	92.837082	0
4310.000000	92.732162	0
4370.000000	92.624329	0
4440.000000	92.503326	0
4500.000000	92.395630	0
4550.000000	92.301994	0
4620.000000	92.173088	0
4680.000000	92.056763	0
4750.000000	91.931038	0
4820.000000	91.790794	0
4870.000000	91.697739	0
4940.000000	91.561310	0
5000.000000	91.448677	0
5080.000000	91.319717	0
5150.000000	91.219231	0
5220.000000	91.111984	0
5300.000000	90.989571	0
5380.000000	90.868607	0
5450.000000	90.770866	0
5520.000000	90.672707	0
5600.000000	90.561974	0
5700.000000	90.446152	0
5800.000000	90.341080	0
5900.000000	90.238632	0
6000.000000	90.123077	0
6080.000000	90.010750	0
6150.000000	89.906609	0
6220.000000	89.804268	0
6300.000000	89.689987	0
6400.000000	89.562698	0
6500.000000	89.449249	0
6600.000000	89.325905	0
6700.000000	89.205467	0
6800.000000	89.078384	0
6900.000000	88.935196	0
7000.000000	88.805832	0
7100.000000	88.676582	0
7200.000000	88.530647	0
7300.000000	88.377495	0
7400.000000	88.227097	0
7500.000000	88.078056	0
7620.000000	87.915672	0
7750.000000	87.745659	0
7880.000000	87.578438	0
8000.000000	87.425308	0
8120.000000	87.261330	0
8250.000000	87.074524	0
8380.000000	86.902542	0
8500.000000	86.741631	0
8620.000000	86.557327	0
8750.000000	86.361824	0
8850.000000	86.212753	0
9000.000000	86.002838	0
9120.000000	85.804756	0
9250.000000	85.590675	0
9380.000000	85.391190	0
9500.000000	85.197151	0
9620.000000	84.980896	0
9750.000000	84.746521	0
9880.000000	84.510437	0
10000.000000	84.304871	0
10150.000000	84.050491	0
10300.000000	83.799828	0
10440.000000	83.569298	0
10600.000000	83.307037	0
10750.000000	83.034660	0
10900.000000	82.765976	0
11060.000000	82.472206	0
11200.000000	82.228127	0
11380.000000	81.877861	0
11500.000000	81.652786	0
11720.000000	81.235718	0
11800.000000	81.093384	0
12060.000000	80.666534	0
12200.000000	80.446693	0
12410.000000	80.120766	0
12500.000000	79.982780	0
12650.000000	79.754997	0
12800.000000	79.529915	0
13150.000000	79.014702	0
13200.000000	78.944557	0
13400.000000	78.702965	0
13600.000000	78.466118	0
13800.000000	78.231178	0
14000.000000	78.001953	0
14300.000000	77.709976	0
14500.000000	77.513992	0
14750.000000	77.283775	0
15000.000000	77.039467	0
15250.000000	76.745842	0
15500.000000	76.445305	0
15750.000000	76.153152	0
16000.000000	75.848396	0
16250.000000	75.407928	0
16500.000000	74.962761	0
16750.000000	74.525429	0
17000.000000	74.075165	0
17250.000000	73.392776	0
17500.000000	72.706230	0
17750.000000	72.035133	0
18000.000000	71.314240	0
18250.000000	70.336967	0
18500.000000	69.321144	0
18750.000000	68.315392	0
19000.000000	67.303276	0
19250.000000	65.934792	0
19500.000000	64.553513	0
19750.000000	63.187237	0
