20,2.493
20.290906698750476,2.513363536790989
20.586044732869844,2.548325373526469
20.885475648548283,2.590918176291921
21.189261887185914,2.634460732294207
21.49746679841394,2.6776453858914167
21.810154653305165,2.7213202283285303
22.12739065777668,2.7625607855109684
22.449240966187475,2.804237168259853
22.77577269513385,2.8448400605658173
23.107053937445478,2.8831328200198874
23.44315377638505,2.9207469729124456
23.784142300054445,2.957334941505717
24.130090616010463,2.992575468132572
24.481070866093134,3.026201741270141
24.837156241469714,3.059344012878984
25.1984209978975,3.0908657848212875
25.56494047120865,3.1216076228937713
25.936791093020236,3.151601334202397
26.3140504066728,3.180363651034842
26.69679708340074,3.20728380312955
27.08511093873791,3.2327236537078887
27.47907294916184,3.257442040427716
27.878765268980047,3.281725916138803
28.284271247461966,3.3043506473629463
28.695675446220072,3.3257837723110035
29.11306365684382,3.3462009282148157
29.536522918790062,3.3655339625891827
29.966141537533712,3.3835779445764156
30.402009102982383,3.4000669698761796
30.844216508158908,3.414687015732704
31.29285596815558,3.4283035391242787
31.74802103936409,3.4404485470234665
32.20980663898519,3.452454972613615
32.67830906482211,3.4642794175557308
33.153626015361866,3.4747652682765136
33.63585661014871,3.483173705762379
34.125101410453844,3.4907514197463536
34.62146244024586,3.497700474163442
35.12504320746613,3.5045005184895937
35.635948725613716,3.510359487256137
36.15428553564419,3.5155428553564416
36.68016172818701,3.52080161728187
37.21368696608603,3.5257094957286883
37.754972507267915,3.530185475511617
38.30413122794313,3.5346247813676586
38.86127764614443,3.538007980298378
39.4265279456077,3.541540799086047
40.000000000000206,3.5450000000000013
40.58181339750116,3.5488787689125707
41.1720894657399,3.5528139240353123
41.77095129709678,3.556806348001805
42.37852377437204,3.56030585113091
42.9949335968281,3.5642995683107483
43.62030930661056,3.568468724700447
44.25478131555359,3.572962710878653
44.89848193237519,3.5773232106265365
45.55154539026795,3.581368180833084
46.21410787489121,3.586094046146095
46.88630755277036,3.590616488781947
47.56828460010916,3.595487746446856
48.260181232021196,3.600361081392127
48.962141732186545,3.604872431126431
49.674312482939705,3.60982874264874
50.39684199579528,3.614976318688863
51.129880942417586,3.6203562962225595
51.873582186040764,3.625134752299158
52.628100813345895,3.629675627177946
53.393594166801776,3.6344599666174693
54.17022187747612,3.6391155562776403
54.95814589832399,3.64361797282189
55.75753053796041,3.647787651174366
56.56854249492426,3.6518427124746213
57.39135089244048,3.6551740526773213
58.226127313687975,3.657904509254752
59.073045837580466,3.6612191375127416
59.932283075067765,3.6637968492252035
60.804018205965114,3.6660057417146046
61.68843301631817,3.667
62.58571193631152,3.6674821392730634
63.49604207872855,3.668
64.41961327797075,3.668
65.35661812964459,3.6676433818703553
66.3072520307241,3.6666927479692757
67.27171322029778,3.6654565735594042
68.25020282090806,3.663249391537276
69.2429248804921,3.660028300478032
70.25008641493265,3.6559996543402695
71.27189745122783,3.6516405127438607
72.30857107128878,3.646457144643556
73.36032345637442,3.6408380592617533
74.42737393217246,3.6344357564069654
75.50994501453623,3.627175402829485
76.60826245588666,3.6188595037404787
77.72255529228926,3.610288040163836
78.85305589121582,3.601602102321137
80.00000000000082,3.5929999999999924
81.16362679500274,3.582333394379294
82.34417893148023,3.57143834500554
83.541902594194,3.5595809981019104
84.75704754874454,3.5482270697041827
85.98986719365665,3.5361013033166917
87.24061861322157,3.5227933315653104
88.50956263110764,3.5088916235141134
89.79696386475084,3.4943010761994904
91.10309078053635,3.479130575386848
92.42821574978288,3.463828277898787
93.77261510554118,3.4473370810000756
95.13656920021877,3.4302928807294673
96.52036246404286,3.41281061513802
97.92428346437356,3.3944516905773674
99.34862496587989,3.3756850221674903
100.79368399159105,3.356417546778786
102.25976188483567,3.336363333612301
103.74716437208203,3.315326238504202
105.25620162669229,3.2942272404170314
106.78718833360406,3.2724545711071404
108.34044375495276,3.2496734915940264
109.9162917966485,3.226828288958539
111.51506107592134,3.2039276890187107
113.13708498984903,3.1805754664097368
114.78270178488147,3.1562594813754816
116.45225462737648,3.131216150884104
118.14609167516147,3.105864812335957
119.86456615013608,3.0807486276123397
121.60803641193078,3.056319498238799
123.3768660326369,3.0313304665151555
125.17142387262359,3.0066000657832697
126.99208415745765,2.981110821795593
128.83922655594208,2.955730386248778
130.71323625928977,2.9305651130895374
132.61450406144883,2.904704195170441
134.5434264405962,2.8792071694925476
136.50040564181674,2.8549951322981992
138.48584976098482,2.831412727748675
140.50017282986593,2.807997926041609
142.5437949024563,2.7834744611705244
144.61714214257822,2.7602114364316392
146.7206469127495,2.736728754577206
148.8547478643456,2.713368723065068
151.01989002907314,2.68998518768601
153.216524911774,2.66683475088226
155.4451105845792,2.6447269383880396
157.70611178243232,2.62302132688865
160.00000000000236,2.6009999999999773
162.3272535900062,2.5786583655359405
164.6883578629612,2.5559917645155723
167.08380518838874,2.534662514342179
169.51409509748981,2.5124703251030938
171.97973438731407,2.4905783373916366
174.4812372264439,2.469357607297871
177.01912526221608,2.4472316976924984
179.5939277295025,2.42624857816398
182.20618156107355,2.4044680748869824
184.85643149956664,2.38220597540364
187.54523021108326,2.3596381583113337
190.27313840043846,2.337814892796492
193.04072492808663,2.3156742005753066
195.84856692874806,2.2935508913415146
198.69724993176072,2.2719009005186184
201.58736798318304,2.2498301787955968
204.5195237696723,2.2283633336122937
207.49432874416505,2.207539698790845
210.5124032533856,2.186413177226301
213.57437666720915,2.164979363329536
216.68088750990657,2.143233787430654
219.83258359329807,2.1220882066435625
223.03012215184378,2.1020617365509766
226.2741699796992,2.0823549801218046
229.5654035697641,2.06346271310467
232.90450925475412,2.04454111422306
236.2921833503241,2.0253929915732174
239.72913230027333,2.0064897723484965
243.21607282386276,1.9889196358806862
246.75373206527502,1.971231339673625
250.34284774524843,1.9543714732100699
253.9841683149166,1.9370752005041463
257.67845311188546,1.9204469609965156
261.42647251858085,1.9035808736663862
265.22900812289896,1.8869694634469545
269.08685288119375,1.869652588475225
273.0008112836349,1.8539967548654606
276.97169952197106,1.8383561267926085
281.00034565973334,1.82339875562496
285.0875898049141,1.808702194663292
289.23428428515797,1.794603433430463
293.44129382550057,1.780299600993298
297.7094957286928,1.7668715128139216
302.0397800581479,1.7538806598255563
306.4330498235497,1.7415118671372007
310.89022116916016,1.7302744470770997
315.41222356486645,1.719175552870267
320.00000000000654,1.7099999999999869
324.6545071800142,1.7006909856399715
329.3767157259242,1.6921219116933364
334.16761037677935,1.6843318233971531
339.02819019498156,1.6757492576490332
343.95946877463007,1.668456743715518
348.9624744528898,1.6614525357659542
354.03825052443415,1.655154099370679
359.187855459007,1.6489745734491916
364.4123631221491,1.642705164253421
369.71286299913527,1.6363445644010375
375.0904604221685,1.6288836937429263
380.54627680087896,1.6218690726845844
386.08144985617537,1.6142859702013546
391.6971338574982,1.6053671574815656
397.3944998635236,1.5956899002456575
403.1747359663683,1.585179650728325
409.0390475393468,1.5744284128445307
414.9886574883323,1.5630226850233353
421.0248065067734,1.5505182717711998
427.1487533344206,1.5369862422196854
433.3617750198154,1.5220955624504615
439.6651671865984,1.506527451118261
446.06024430368984,1.4905060151901603
452.54833995940066,1.4738839840974385
459.13080713953053,1.45737792449835
465.8090185095106,1.4398426173079717
472.58436670065066,1.4215567189553768
479.45826460054917,1.4022621011412881
486.432145647728,1.383476421315907
493.50746413055253,1.3634072453412787
500.6856954904994,1.3440286254648142
507.9683366298358,1.323091032189222
515.3569062237735,1.3019802679320756
522.8529450371643,1.280654401147798
530.4580162458005,1.2596832032933234
538.1737057623901,1.2375036978217426
546.0016225672724,1.2151382212363644
553.9433990439449,1.1924127277486585
562.0006913194694,1.1691979951735387
570.1751796098309,1.1455094970924733
578.4685685703187,1.122288008003108
586.8825876510039,1.0987287545771893
595.4189914573883,1.0748268239193128
604.0795601162986,1.0497613196511042
612.8660996471021,1.0234017010586935
621.780442338323,0.9966586729850309
630.8244471297356,0.969361769184846
640.0000000000159,0.9399999999999459
649.3090143600314,0.9083493511758933
658.7534314518515,0.8762383330637049
668.3352207535618,0.8428267273625337
678.0563803899662,0.8071913925571251
687.9189375492632,0.7691161435578735
697.9249489057827,0.7293002043768693
708.0765010488715,0.6886939958045142
718.3757109180171,0.6474971563279315
728.8247262443015,0.6048186223983639
739.425725998274,0.5622970960069043
750.1809208443404,0.5192763166226382
761.0925536017613,0.47562978559295466
772.1628997123541,0.43134840115058337
783.3942677149998,0.38771435494230827
794.7889997270506,0.34454125102356015
806.34947193274,0.30224772557434826
818.0780950786972,0.26142798588748645
829.9773149766683,0.22191944392153334
842.0496130135506,0.18351369320821903
854.2975066688449,0.14646560554920238
866.7235500396347,0.1109193998902424
879.3303343732008,0.07674113062967793
892.1204886073838,0.043961428861294435
905.0966799188055,0.01210774685612042
918.2616142790653,-0.017004891194981716
931.6180370190256,-0.04219975495527403
945.1687334013056,-0.06196091675163206
958.9165292011028,-0.07543044100091897
972.8642912954606,-0.08134285886014173
987.0149282611097,-0.07553042324401783
1001.3713909810035,-0.05598293984179226
1015.9366732596762,-0.023065090453014445
1030.7138124475518,0.023804263186810823
1045.7058900743334,0.08388974159379202
1060.916032491606,0.1547633689563516
1076.3474115247852,0.2354556771038116
1092.0032451345498,0.3223934567027522
1107.8867980878947,0.41305124594338327
1124.0013826389438,0.5075636977626692
1140.350359219667,0.6039062920496969
1156.9371371406426,0.7023074984283717
1173.765175302013,0.8025910518120777
1190.837982914782,0.9054447429854148
1208.1591202326028,1.0101089442693745
1225.73219929421,1.116120233894107
1243.5608846766518,1.2220807653180605
1261.648894259477,1.3260104008037026
1280.0000000000375,1.4270000000001897
1298.6180287200684,1.5211540309557747
1317.5068629037087,1.6160329419378017
1336.6704415071292,1.7046840309327944
1356.112760779938,1.7884792333147368
1375.8378750985323,1.8699352879039826
1395.8498978115715,1.9480221065745502
1416.153002097749,2.0248429745681884
1436.7514218360407,2.1023178318851525
1457.6494524886093,2.1813738975562598
1478.8514519965543,2.2629436337466307
1500.3618416886875,2.34644736675475
1522.1851072035295,2.433740428814118
1544.3257994247153,2.5238492616528387
1566.788535430007,2.616168765971629
1589.5779994541087,2.710061357750928
1612.6989438654878,2.8053196487258094
1636.156190157402,2.9019635034484965
1659.9546299533442,3.000809445804046
1684.099226027109,3.102580718354942
1708.5950133376978,3.207130457618854
1733.4471000792773,3.3155051243519913
1758.6606687464096,3.4291855029833402
1784.2409772147755,3.549356690630922
1810.193359837619,3.6755590647945904
1836.5232285581387,3.8089207885023213
1863.2360740380593,3.949945356843998
1890.3374668026197,4.097662816750461
1917.833058402214,4.253005094060663
1945.7285825909298,4.4167132089383045
1974.0298565222283,4.588101527655149
2002.7427819620161,4.768645230622304
2031.8733465193618,4.956551421679724
2061.4276248951132,5.154850611776281
2091.411780148677,5.361976579717316
2121.832064983222,5.577282471128361
2152.694823049581,5.8029416905668985
2184.0064902691106,6.0348483525048735
2215.7735961758003,6.271513291509712
2248.002765277899,6.5112204630564525
2280.7007184393456,6.751401863377933
2313.874274281297,6.989044871587832
2347.530350604038,7.222790729127594
2381.6759658295764,7.448893777892247
2416.318240465218,7.66808520818667
2451.4643985884327,7.874883681918777
2487.1217693533167,8.0728868288628
2523.2977885189675,8.258488942594838
2560.0000000000887,8.43450000000041
2597.236057440151,8.60025324412064
2635.0137258074315,8.755553530648982
2673.340883014273,8.898027178851383
2712.225521559891,9.029862519710315
2751.6757501970797,9.146067781816605
2791.699795623158,9.247664499276738
2832.3060041955137,9.331319768223207
2873.502843672097,9.398433924267493
2915.2989049772345,9.447851080180877
2957.7029039931244,9.479618987357663
3000.723683377391,9.493945723746695
3044.370214407075,9.489397588050739
3088.6515988494466,9.46787646074786
3133.57707086003,9.432191209454473
3179.1559989082334,9.38201280131012
3225.3978877309914,9.318903168403512
3272.3123803148205,9.243176458252213
3319.9092599067053,9.155977850582858
3368.198452054235,9.057327374521767
3417.190026675413,8.947775337579534
3466.8942001585724,8.829440267609911
3517.3213374928373,8.702964522518622
3568.4819544295697,8.567729083951571
3620.386719675257,8.424509450515774
3673.0464571162966,8.273704345220414
3726.472148076138,8.115054112810062
3780.6749336052594,7.95022234583535
3835.6661168044484,7.781748360242299
3891.45716518188,7.609751002500945
3948.059713044477,7.434990635975177
4005.4855639240527,7.259451882162441
4063.746693038744,7.083947255535705
4122.855249790247,6.909672188111778
4182.823560297375,6.735134367743028
4243.664129966465,6.565649923664847
4305.389646099183,6.400294277068846
4368.012980538242,6.244901314672337
4431.5471923516225,6.105475422431454
4496.00553055582,5.983389768471733
4561.401436878714,5.8846667650667595
4627.748548562617,5.803251451437383
4695.060701208099,5.738951439033521
4763.351931659176,5.685462905957731
4832.63648093046,5.636154463348678
4902.928797176889,5.586479430587937
4974.243538706657,5.532605169034674
5046.595577037959,5.471228870091786
5120.000000000202,5.403142857142661
5194.472114880326,5.326351305485365
5270.027451614888,5.238967058062134
5346.6817660285715,5.139979615861429
5424.451043119808,5.029593465123711
5503.351500394186,4.908161927951994
5583.399591246343,4.775805684662375
5664.612008391055,4.637513465651296
5747.005687344222,4.4975603883882656
5830.597809954497,4.359043504072805
5915.405807986278,4.225969694579622
6001.447366754812,4.103154607387616
6088.740428814181,3.9932606650356273
6177.303197698925,3.8973067566196615
6267.154141720092,3.811561272451917
6358.3119978165005,3.7336010418123045
6450.795775462017,3.6573474641211456
6544.624760629676,3.578622705858479
6639.818519813445,3.4931724061772274
6736.396904108505,3.39778325068607
6834.380053350861,3.292150539713527
6933.788400317181,3.1777918036225543
7034.642674985712,3.0574287900171457
7136.963908859177,2.9357522266347633
7240.773439350552,2.815926013533877
7346.092914232631,2.6992196526287584
7452.944296152315,2.5859379320015927
7561.349867210557,2.475650132789443
7671.332233608935,2.3660626297265184
7782.914330363799,2.2545792953229116
7896.119426088994,2.138671616954331
8010.971127848146,2.014383202974632
8127.49338607753,1.8796620881187704
8245.710499580537,1.7323453774457929
8365.647120594791,1.5731003702853936
8487.328259932974,1.4037404360938361
8610.77929219841,1.2253700263123066
8736.025961076528,1.045101117528379
8863.094384703289,0.871850258865944
8992.011061111683,0.7128530246289237
9122.802873757471,0.5808439432634835
9255.497097125279,0.47970174172483276
9390.121402416245,0.39926453863079425
9526.7038633184,0.3178622312884799
9665.272961860968,0.20468227748070167
9805.857594353829,0.041518063115526485
9948.487077413367,-0.17072077515160988
10093.19115407597,-0.40372712088205875
10240.000000000457,-0.6114000000005905
10388.944229760706,-0.7734970182726704
10540.05490322983,-0.9408151975854225
10693.363532057198,-1.238562171125466
10848.902086239672,-1.7979822346226002
11006.703000788428,-2.6502159609362175
11166.799182492743,-3.6817916713978587
11329.224016782166,-4.729597884997169
11494.0113746885,-5.664910949372546
11661.195619909053,-6.330059161824644
11830.811615972614,-6.823572942604759
12002.894733509682,-7.0836831933434805
12177.48085762842,-7.194335320508744
12354.606395397908,-7.070897558098876
12534.308283440243,-6.834159977365968
12716.62399563306,-6.497084488646543
12901.591550924093,-6.1314292523184335
13089.249521259411,-5.760938802313563
13279.637039626952,-5.430951699767032
13472.793808217073,-5.174114284659671
13668.760106701786,-5.01612075518525
13867.576800634426,-4.976204780142746
14069.285349971487,-5.07135918013977
14273.927817718419,-5.264405241381041
14481.54687870117,-5.564043521232273
14692.18582846533,-5.949465640945514
14905.888592304698,-6.361294532178771
15122.699734421185,-6.766350320895818
15342.664467217943,-7.134996700826915
15565.828660727671,-7.446834617158277
15792.238852178061,-7.695663323690557
16021.942255696367,-7.89092073387353
16254.986772155136,-8.048872380761358
16491.42099916115,-8.185058495516822
16731.294241189662,-8.307497474524348
16974.65651986603,-8.423037877376766
17221.558584396902,-8.540461886172926
17472.051922153143,-8.677460868717148
17726.188769406665,-8.866712974904319
17984.022122223458,-9.14897695386806
18245.605747515034,-9.563898887984294
18510.99419425065,-10.126210159093546
18780.242804832582,-10.759751832587083
19053.40772663689,-11.285807486524984
19330.545923722028,-11.536975389083063
19611.71518870775,-11.715739390978285
19896.974154826825,-13.169554113186448
20186.382308152035,-14.07